# MPIHandler:Power MPIHandler:pTmin0 ColourReconnector:ReconnectionProbability RemnantDecayer:colourDisrupt MPIHandler:InvRadius N
3.006481e-01 6.076485e+00 7.904716e-01 6.505742e-01 8.911178e-01 0000 
4.763909e-01 2.617558e+00 3.885984e-01 2.840418e-01 2.565898e+00 0001 
2.346447e-01 3.116378e+00 8.967321e-01 9.044400e-01 8.535616e-01 0002 
2.581942e-01 3.721610e+00 9.386585e-01 3.454956e-01 1.980225e+00 0003 
1.861607e-01 7.697085e+00 6.767500e-01 7.134917e-01 1.783255e+00 0004 
1.710945e-01 5.599059e+00 9.203835e-01 8.398161e-01 1.920967e+00 0005 
1.319018e-01 6.720433e+00 6.135281e-01 5.698282e-01 1.769780e+00 0006 
2.934178e-01 4.504025e+00 7.208913e-01 3.176519e-01 9.544670e-01 0007 
1.644395e-01 2.359866e+00 4.214299e-01 9.288073e-01 2.475375e+00 0008 
4.517089e-01 3.506541e+00 9.823631e-01 8.448247e-01 2.632618e+00 0009 
3.111870e-01 7.783371e+00 3.619091e-01 3.405173e-01 8.937733e-01 0010 
3.678773e-01 3.490930e+00 6.051394e-01 2.950650e-01 2.086942e+00 0011 
2.554381e-01 6.571804e+00 5.513771e-01 3.528557e-01 1.975986e+00 0012 
2.229793e-01 5.019456e+00 6.525361e-01 5.264136e-01 1.583109e+00 0013 
2.921157e-01 4.176091e+00 3.365053e-01 9.057572e-01 1.543041e+00 0014 
2.503108e-01 2.291384e+00 5.627358e-01 5.159292e-01 2.594581e+00 0015 
3.599203e-01 4.986902e+00 3.483506e-01 7.837117e-01 8.937116e-01 0016 
2.044820e-01 6.642893e+00 8.475479e-01 3.429103e-01 2.160201e+00 0017 
3.335509e-01 6.293207e+00 7.197396e-01 7.398215e-01 2.239644e+00 0018 
3.956574e-01 3.297135e+00 9.031854e-01 5.369200e-01 1.836155e+00 0019 
4.576406e-01 7.535936e+00 8.569873e-01 6.911825e-01 1.928459e+00 0020 
2.870703e-01 6.604109e+00 8.632369e-01 4.855145e-01 1.213839e+00 0021 
2.638822e-01 4.825421e+00 4.622130e-01 3.303451e-01 8.984017e-01 0022 
2.581168e-01 6.023929e+00 9.667646e-01 2.585092e-01 9.292073e-01 0023 
2.225785e-01 4.209574e+00 9.443792e-01 2.575620e-01 1.678104e+00 0024 
1.289487e-01 7.405192e+00 8.743805e-01 7.868702e-01 1.882579e+00 0025 
1.792286e-01 7.191414e+00 5.005942e-01 9.523651e-01 7.208383e-01 0026 
2.252442e-01 7.309757e+00 3.712246e-01 3.863806e-01 1.254653e+00 0027 
1.245372e-01 6.065052e+00 3.525952e-01 7.766143e-01 1.864696e+00 0028 
1.733882e-01 5.915735e+00 5.838873e-01 8.857942e-01 9.624248e-01 0029 
2.419773e-01 3.436968e+00 4.762524e-01 7.188680e-01 1.428779e+00 0030 
1.927652e-01 5.725627e+00 7.881365e-01 2.862139e-01 1.025265e+00 0031 
3.238278e-01 3.791750e+00 7.916550e-01 7.819688e-01 1.542749e+00 0032 
2.100312e-01 3.915916e+00 3.713658e-01 6.700723e-01 1.742577e+00 0033 
3.329567e-01 6.210603e+00 5.608639e-01 8.458388e-01 1.602649e+00 0034 
3.909471e-01 3.352898e+00 7.667006e-01 4.726265e-01 2.128164e+00 0035 
4.705498e-01 4.645276e+00 6.922127e-01 4.308038e-01 2.108663e+00 0036 
1.609806e-01 5.098467e+00 3.893916e-01 8.173982e-01 1.893282e+00 0037 
1.531213e-01 7.362188e+00 7.841850e-01 9.703231e-01 1.799984e+00 0038 
4.472584e-01 5.716021e+00 5.117454e-01 4.655397e-01 1.734277e+00 0039 
1.491963e-01 6.208873e+00 9.210532e-01 3.892181e-01 1.867405e+00 0040 
2.767096e-01 5.103275e+00 5.990027e-01 6.032847e-01 1.019353e+00 0041 
1.543283e-01 2.102446e+00 3.878716e-01 9.083021e-01 1.598764e+00 0042 
2.449154e-01 6.310369e+00 4.222160e-01 5.465421e-01 1.301334e+00 0043 
1.292019e-01 4.688055e+00 6.304402e-01 8.318474e-01 1.262787e+00 0044 
2.304087e-01 3.348891e+00 7.533560e-01 3.069107e-01 1.534464e+00 0045 
1.332012e-01 3.262268e+00 5.280751e-01 5.388803e-01 1.252154e+00 0046 
2.078635e-01 3.410491e+00 5.278820e-01 5.872582e-01 2.395668e+00 0047 
3.514504e-01 7.612311e+00 7.817454e-01 3.809707e-01 1.145436e+00 0048 
2.786959e-01 3.003345e+00 3.169543e-01 5.087434e-01 1.565620e+00 0049 
1.440721e-01 7.355327e+00 5.980565e-01 6.389760e-01 2.637315e+00 0050 
1.915520e-01 7.597365e+00 5.915100e-01 3.835030e-01 1.602071e+00 0051 
4.680972e-01 7.153204e+00 3.023975e-01 7.156177e-01 1.261209e+00 0052 
1.519921e-01 2.503372e+00 6.037094e-01 9.680629e-01 9.018670e-01 0053 
3.560145e-01 3.196998e+00 7.730985e-01 2.862538e-01 2.582019e+00 0054 
1.505358e-01 3.435384e+00 7.164171e-01 5.779580e-01 7.446081e-01 0055 
4.501080e-01 6.387458e+00 4.105214e-01 6.278481e-01 1.380587e+00 0056 
1.610272e-01 2.248379e+00 5.490974e-01 6.380329e-01 8.142465e-01 0057 
3.842221e-01 5.313828e+00 4.389150e-01 8.458595e-01 1.378151e+00 0058 
1.614348e-01 2.716713e+00 9.049865e-01 9.520385e-01 2.412042e+00 0059 
1.312941e-01 2.771499e+00 3.358131e-01 5.472297e-01 1.348104e+00 0060 
4.490391e-01 3.888862e+00 4.328643e-01 2.797032e-01 1.549575e+00 0061 
3.025271e-01 6.006741e+00 6.918137e-01 6.596310e-01 1.385751e+00 0062 
3.887944e-01 3.263715e+00 7.011848e-01 7.596322e-01 1.869622e+00 0063 
4.095476e-01 4.149147e+00 4.104394e-01 3.588863e-01 6.806858e-01 0064 
3.722720e-01 6.310741e+00 4.915353e-01 8.897797e-01 1.848791e+00 0065 
2.500690e-01 3.594102e+00 6.259996e-01 3.344343e-01 1.322373e+00 0066 
3.632384e-01 5.988460e+00 3.097745e-01 3.289150e-01 1.933659e+00 0067 
3.004843e-01 7.321424e+00 4.202513e-01 7.080077e-01 1.479923e+00 0068 
2.752151e-01 4.274075e+00 6.986215e-01 4.953274e-01 1.414995e+00 0069 
3.700032e-01 3.935890e+00 6.592372e-01 5.673379e-01 1.152487e+00 0070 
3.319043e-01 6.279590e+00 3.888736e-01 8.909093e-01 1.766110e+00 0071 
2.737987e-01 3.927452e+00 7.346777e-01 8.461619e-01 2.255632e+00 0072 
2.382180e-01 4.972392e+00 3.473272e-01 5.434059e-01 1.839415e+00 0073 
3.402041e-01 3.669432e+00 5.517511e-01 4.683555e-01 1.536902e+00 0074 
1.372980e-01 7.456370e+00 4.912536e-01 8.123460e-01 1.100725e+00 0075 
1.806671e-01 5.043659e+00 9.015453e-01 7.157582e-01 1.020486e+00 0076 
3.945095e-01 2.830119e+00 9.132761e-01 3.266807e-01 1.288731e+00 0077 
3.858265e-01 6.647613e+00 3.122869e-01 8.495657e-01 1.681101e+00 0078 
3.431365e-01 2.903068e+00 7.023315e-01 4.283861e-01 2.020849e+00 0079 
4.683792e-01 2.226721e+00 8.736462e-01 9.163583e-01 2.523051e+00 0080 
3.948386e-01 7.576537e+00 4.668540e-01 4.769085e-01 1.465081e+00 0081 
2.542757e-01 3.201277e+00 5.611553e-01 4.035504e-01 1.711798e+00 0082 
4.371201e-01 5.227556e+00 3.508721e-01 8.889076e-01 9.845194e-01 0083 
4.127541e-01 3.464217e+00 3.519943e-01 2.974298e-01 7.912888e-01 0084 
2.846610e-01 5.594473e+00 5.799577e-01 3.303650e-01 1.292606e+00 0085 
3.134184e-01 2.796760e+00 3.551384e-01 6.440363e-01 1.322511e+00 0086 
3.594900e-01 4.367973e+00 4.460275e-01 7.724403e-01 1.899922e+00 0087 
1.436934e-01 7.010182e+00 4.112282e-01 9.632949e-01 1.491843e+00 0088 
3.975182e-01 4.311209e+00 5.405257e-01 6.945001e-01 1.346117e+00 0089 
1.212921e-01 4.385038e+00 7.071570e-01 7.706162e-01 2.142500e+00 0090 
3.910058e-01 5.992420e+00 3.655858e-01 9.901554e-01 2.450430e+00 0091 
1.785857e-01 5.561756e+00 3.069568e-01 6.463761e-01 1.316099e+00 0092 
1.534476e-01 2.194049e+00 9.862026e-01 7.143191e-01 1.776380e+00 0093 
1.257668e-01 2.036100e+00 9.436237e-01 3.667903e-01 2.405108e+00 0094 
4.527221e-01 6.327821e+00 9.610658e-01 4.314768e-01 1.918153e+00 0095 
2.178949e-01 6.477599e+00 9.033298e-01 5.371347e-01 7.915536e-01 0096 
1.856370e-01 2.981882e+00 5.353455e-01 6.509330e-01 7.472623e-01 0097 
3.422748e-01 7.364104e+00 7.876688e-01 5.847119e-01 1.178616e+00 0098 
3.122882e-01 2.159091e+00 3.262387e-01 7.280478e-01 1.285994e+00 0099 